2 2.125e-06 1.62533e-06
3 2.403e-06 2.13867e-06
4 3e-06 3.125e-06
5 4.83333e-06 4.63867e-06
6 6.66633e-06 6.66667e-06
7 1.00833e-05 1.02917e-05
8 1.41533e-05 1.4167e-05
9 1.8833e-05 1.90137e-05
10 2.49307e-05 2.50693e-05
11 2.99163e-05 3.01943e-05
12 3.3167e-05 3.32913e-05
13 4.09587e-05 4.12223e-05
14 5.01667e-05 5.0597e-05
15 6.9347e-05 6.94307e-05
16 8.70833e-05 8.7028e-05
17 8.76943e-05 8.7722e-05
18 9.32637e-05 9.30557e-05
19 0.000108222 0.000108472
20 0.0001245 0.000124916
21 0.00014043 0.000141583
22 0.000163361 0.000163306
23 0.000183292 0.000183945
24 0.000204236 0.000196027
25 0.000190445 0.000191139
26 0.000209861 0.000210528
27 0.000236153 0.000236736
28 0.000263736 0.000262041
29 0.000284944 0.000286555
30 0.000298597 0.000288653
31 0.000299139 0.000299625
32 0.000326653 0.000328055
33 0.000356486 0.000358834
34 0.000348792 0.000336458
35 0.00036475 0.000366278
36 0.000395445 0.000397542
37 0.000394902 0.0003925
38 0.000408042 0.000409514
39 0.000438722 0.000440764
40 0.000439458 0.000440792
41 0.000455542 0.00046725
42 0.000470903 0.000464139
43 0.000479847 0.000477264
44 0.000494722 0.00049768
45 0.000497445 0.000498125
46 0.000527472 0.000524014
47 0.000530625 0.000532791
48 0.000562833 0.000566056
49 0.00056675 0.000557181
50 0.000593139 0.000589792
51 0.00061943 0.000616903
52 0.000634597 0.000639903
53 0.000662806 0.000662125
54 0.000699278 0.000702847
55 0.000737972 0.000738111
56 0.000777431 0.000783291
57 0.000818125 0.000822416
58 0.000855083 0.000856069
59 0.000903597 0.000907917
60 0.000947458 0.000953958
61 0.000990417 0.000991972
62 0.00104326 0.00104708
63 0.00109337 0.00109858
64 0.00114485 0.00115197
65 0.00119785 0.00120399
66 0.00124957 0.00125618
67 0.00131554 0.00131282
68 0.00136529 0.00137378
69 0.00141913 0.00142564
70 0.00148689 0.00149472
71 0.00154828 0.00155478
72 0.00161819 0.0016301
73 0.00168071 0.00169025
74 0.0017391 0.00174796
75 0.00181858 0.00182629
76 0.00190243 0.0019095
77 0.00196161 0.00196294
78 0.00203924 0.00205107
79 0.00211736 0.00212963
80 0.00219685 0.00221
81 0.00228543 0.00229107
82 0.00236525 0.00238211
83 0.00244942 0.00246467
84 0.0025405 0.00255597
85 0.00261831 0.00263932
86 0.00271797 0.00273089
87 0.00280625 0.00282347
88 0.00291278 0.00291653
89 0.00300228 0.00302626
90 0.00308899 0.00310351
91 0.00320665 0.00323017
92 0.00334158 0.00334293
93 0.00342518 0.00347175
94 0.00356142 0.00360593
95 0.00369671 0.00369633
96 0.00375851 0.00378429
97 0.00387383 0.00388925
98 0.00397789 0.0039919
99 0.00411433 0.00413081
100 0.00423381 0.00427001
101 0.00434085 0.00436356
102 0.00449121 0.00452093
103 0.00461207 0.0046449
104 0.00475714 0.00478032
105 0.00488817 0.00491651
106 0.00500708 0.00503681
107 0.00515879 0.00519889
108 0.00531179 0.005345
109 0.00542914 0.00548208
110 0.0055999 0.00564251
111 0.00575868 0.00580164
112 0.00592683 0.00596106
113 0.00606674 0.00612365
114 0.00625496 0.00628789
115 0.00639899 0.00643486
116 0.00656183 0.00660628
117 0.00672869 0.00674801
118 0.00690447 0.00694761
119 0.00706783 0.00712783
120 0.00724722 0.00731787
121 0.00743214 0.00748964
122 0.00759065 0.0076469
123 0.00780914 0.00787107
124 0.00801429 0.00803882
125 0.008192 0.00819621
126 0.00843476 0.00842779
127 0.00864297 0.00878254
128 0.00879311 0.00951261
129 0.00906374 0.00905051
130 0.00924731 0.00923965
131 0.00946094 0.00949169
132 0.0096699 0.00970897
133 0.00986925 0.00988678
134 0.0101364 0.0101499
135 0.0103643 0.0103776
136 0.0105869 0.010626
137 0.0108201 0.0108264
138 0.0110301 0.0110475
139 0.0113163 0.0113067
140 0.0116444 0.0118408
141 0.0120733 0.0124498
142 0.0125179 0.0129059
143 0.0127382 0.0129477
144 0.0128802 0.0130068
145 0.0131387 0.0134156
146 0.0134383 0.0135971
147 0.0136921 0.013986
148 0.0139316 0.0141612
149 0.01426 0.0147086
150 0.0148689 0.015328
151 0.0153972 0.0152959
152 0.0149697 0.0153997
153 0.0160744 0.0163721
154 0.0160471 0.016188
155 0.0162536 0.0162982
156 0.0166044 0.0167421
157 0.0168714 0.017152
158 0.0170427 0.017432
159 0.0173259 0.0175257
160 0.017706 0.0179114
161 0.0182198 0.0185746
162 0.0182552 0.0187117
163 0.0186603 0.0189035
164 0.0186886 0.0189573
165 0.0193236 0.0196727
166 0.0197628 0.0202286
167 0.0200362 0.0204433
168 0.0203545 0.0204512
169 0.0206579 0.0209263
170 0.0211269 0.0212325
171 0.0217506 0.0223937
172 0.0220145 0.02238
173 0.0223254 0.0226566
174 0.0226857 0.0229433
175 0.0233588 0.0235317
176 0.023591 0.023678
177 0.0239408 0.0243136
178 0.0240642 0.0244918
179 0.0250806 0.0253311
180 0.0270992 0.0272963
181 0.0259968 0.0265875
182 0.0256932 0.0261371
183 0.0268122 0.0272205
184 0.0265999 0.0270612
185 0.0269094 0.0272777
186 0.027639 0.0284533
187 0.0283276 0.028861
188 0.0283227 0.0284858
189 0.028842 0.0293435
190 0.0295166 0.0298422
191 0.029098 0.0290269
192 0.0295235 0.0304052
193 0.0299946 0.0299866
194 0.0309496 0.0316511
195 0.0318984 0.0334537
196 0.03219 0.0326289
197 0.0323744 0.0329952
198 0.0329871 0.0340298
199 0.0337506 0.0342971
200 0.0335872 0.0337619
201 0.0339654 0.0341379
202 0.03456 0.0349036
203 0.0353104 0.0355745
204 0.0357748 0.0359798
205 0.036239 0.0373191
206 0.0367594 0.0373003
207 0.0373321 0.0378042
208 0.0379359 0.0382492
209 0.0383474 0.0389673
210 0.039932 0.0409714
211 0.0403167 0.041483
212 0.0409472 0.0421653
213 0.0414481 0.0419585
214 0.0425925 0.0435667
215 0.04297 0.044058
216 0.0430928 0.0436451
217 0.0437613 0.0451861
218 0.0436553 0.0445774
219 0.0439744 0.0450843
220 0.0450693 0.0461837
221 0.0460122 0.0470377
222 0.0467429 0.0485555
223 0.0472893 0.0480281
224 0.0470918 0.0474237
225 0.047802 0.0480328
226 0.0485602 0.0499485
227 0.0498078 0.0517077
228 0.0504174 0.0517698
229 0.0502249 0.0504749
230 0.0518965 0.0543844
231 0.0520844 0.0526698
232 0.051898 0.0521037
233 0.0524803 0.0524917
234 0.0530432 0.0532897
235 0.053791 0.0546622
236 0.0548896 0.0550064
237 0.0551097 0.0551468
238 0.0560442 0.0560074
239 0.0566326 0.0566604
240 0.0572895 0.0576482
241 0.0595788 0.0676466
242 0.060711 0.0631638
243 0.0613484 0.0636793
244 0.0618405 0.0642724
245 0.0623227 0.0646739
246 0.0635577 0.0666917
247 0.0647566 0.0677443
248 0.0651993 0.0675437
249 0.0673529 0.0702227
250 0.0671412 0.0714364
251 0.0680273 0.0722692
252 0.0697397 0.0706782
253 0.0683197 0.0677005
254 0.0686175 0.0682811
255 0.0685979 0.0684533
256 0.0693933 0.0790557
257 0.0702492 0.0714326
258 0.0738476 0.0744232
259 0.0728934 0.073883
260 0.073599 0.0840379
261 0.0739177 0.0740813
262 0.0747948 0.0750753
263 0.0752719 0.0754974
264 0.0765839 0.0768911
265 0.077652 0.0775839
266 0.0782956 0.0785594
267 0.0791329 0.0792709
268 0.0797285 0.0799142
269 0.0804114 0.0804937
270 0.0823118 0.0823467
271 0.0831343 0.0832038
272 0.0850083 0.0845071
273 0.0853082 0.0879049
274 0.0853646 0.0856405
275 0.0865895 0.0870552
276 0.0876659 0.0881809
277 0.0886535 0.0884185
278 0.0889426 0.089235
279 0.0900332 0.0902726
280 0.0926784 0.0949366
281 0.0941327 0.0951495
282 0.0936119 0.0944607
283 0.0952216 0.0962738
284 0.0962532 0.0973433
285 0.096704 0.0975425
286 0.0971431 0.0974886
287 0.0981808 0.0983497
288 0.0989904 0.103042
289 0.100004 0.100382
290 0.10092 0.101687
291 0.102867 0.108912
292 0.107258 0.106015
293 0.10505 0.106184
294 0.106324 0.109312
295 0.107072 0.11063
296 0.107668 0.112083
297 0.108765 0.109245
298 0.10943 0.109688
299 0.110484 0.11148
300 0.111822 0.112352
301 0.113086 0.113318
302 0.114316 0.114668
303 0.115105 0.115247
304 0.115962 0.116487
305 0.117357 0.120978
306 0.119018 0.120325
307 0.120247 0.120767
308 0.121439 0.121467
309 0.122449 0.122733
310 0.12377 0.124307
311 0.124708 0.125061
312 0.126143 0.126547
313 0.127305 0.127631
314 0.128542 0.128839
315 0.133297 0.138407
316 0.131781 0.133049
317 0.136858 0.142088
318 0.134762 0.134689
319 0.134602 0.134992
320 0.136024 0.160184
321 0.183009 0.19011
322 0.138505 0.139364
323 0.139902 0.144856
324 0.141843 0.146461
325 0.156875 0.147967
326 0.143372 0.145818
327 0.144236 0.146068
328 0.145382 0.146397
329 0.149295 0.14812
330 0.14838 0.155272
331 0.15013 0.151154
332 0.150952 0.152078
333 0.152718 0.153295
334 0.154093 0.155445
335 0.155614 0.156027
336 0.157541 0.157478
337 0.158422 0.16024
338 0.159639 0.16073
339 0.161486 0.161669
340 0.162144 0.163001
341 0.16313 0.183033
342 0.165138 0.171079
343 0.171083 0.176402
344 0.168309 0.169124
345 0.169739 0.172116
346 0.176045 0.180118
347 0.173432 0.174057
348 0.174506 0.176232
349 0.175786 0.177197
350 0.180286 0.184251
351 0.180007 0.181378
352 0.180772 0.190422
353 0.182064 0.182923
354 0.18357 0.185126
355 0.185731 0.191023
356 0.186843 0.187726
357 0.188246 0.189761
358 0.189641 0.191341
359 0.191562 0.192144
360 0.19284 0.193355
361 0.194323 0.194592
362 0.195425 0.196076
363 0.19688 0.197375
364 0.198373 0.199317
365 0.200272 0.202013
366 0.203411 0.210168
367 0.218882 0.231519
368 0.205616 0.206997
369 0.207505 0.218632
370 0.210703 0.210321
371 0.225914 0.220873
372 0.214756 0.215641
373 0.214487 0.216469
374 0.216539 0.219677
375 0.220581 0.229037
376 0.229893 0.242038
377 0.229801 0.274741
378 0.2291 0.266547
379 0.233121 0.284467
380 0.233683 0.280454
381 0.229351 0.247877
382 0.230182 0.232515
383 0.232314 0.233552
384 0.234386 0.27733
385 0.23542 0.236171
386 0.237205 0.238943
387 0.239655 0.240766
388 0.241478 0.243139
389 0.243133 0.244045
390 0.245336 0.247438
391 0.247276 0.248586
392 0.24883 0.250669
393 0.250528 0.25225
394 0.252921 0.254984
395 0.254952 0.255685
396 0.257196 0.259417
397 0.258799 0.260944
398 0.260315 0.262826
399 0.263054 0.265855
400 0.266308 0.267556
401 0.270134 0.277756
402 0.269601 0.274865
403 0.270777 0.27335
404 0.272828 0.275063
405 0.275112 0.278447
406 0.276466 0.282762
407 0.283784 0.283159
408 0.280604 0.283614
409 0.283124 0.28676
410 0.284118 0.295781
411 0.287151 0.295122
412 0.291498 0.303144
413 0.290686 0.296036
414 0.293398 0.297503
415 0.295836 0.30144
416 0.298058 0.315896
417 0.300499 0.305774
418 0.302055 0.309816
419 0.304777 0.308628
420 0.306482 0.309522
421 0.30795 0.312272
422 0.310425 0.313627
423 0.312715 0.31612
424 0.315471 0.319173
425 0.317129 0.319541
426 0.319347 0.324675
427 0.321115 0.324789
428 0.322885 0.325349
429 0.324731 0.326647
430 0.327109 0.329542
431 0.329893 0.333178
432 0.33358 0.339515
433 0.336706 0.339981
434 0.337785 0.341431
435 0.339929 0.342817
436 0.341763 0.343945
437 0.342802 0.346313
438 0.346799 0.351997
439 0.349223 0.3607
440 0.351602 0.35525
441 0.355404 0.358535
442 0.356705 0.360337
443 0.359502 0.363357
444 0.361821 0.365137
445 0.364083 0.3719
446 0.377788 0.441939
447 0.375604 0.441531
448 0.374863 0.456781
449 0.379219 0.381906
450 0.376394 0.381692
451 0.379268 0.383259
452 0.382041 0.38684
453 0.38388 0.388369
454 0.385265 0.390001
455 0.390173 0.416666
456 0.392104 0.397686
457 0.394698 0.40025
458 0.396956 0.402689
459 0.399404 0.406598
460 0.401847 0.415009
461 0.404717 0.417153
462 0.408592 0.417755
463 0.434807 0.438363
464 0.42137 0.42322
465 0.416034 0.426596
466 0.418163 0.433234
467 0.420974 0.432666
468 0.425487 0.441099
469 0.438947 0.443082
470 0.431348 0.448463
471 0.433332 0.442912
472 0.435472 0.444402
473 0.436898 0.448162
474 0.439459 0.448657
475 0.45301 0.468256
476 0.45929 0.456385
477 0.454695 0.465949
478 0.453353 0.469866
479 0.466101 0.47876
480 0.462531 0.4955
481 0.478573 0.500226
482 0.479813 0.618632
483 0.477268 0.562083
484 0.46797 0.49066
485 0.470754 0.503742
486 0.474954 0.492117
487 0.476923 0.49079
488 0.497694 0.530688
489 0.481532 0.490427
490 0.484091 0.494709
491 0.487132 0.497494
492 0.491052 0.502142
493 0.494246 0.508227
494 0.496537 0.508503
495 0.499983 0.513747
496 0.503027 0.515794
497 0.506544 0.517987
498 0.509402 0.522023
499 0.512749 0.524356
500 0.514827 0.525784
501 0.517335 0.529829
502 0.52107 0.534527
503 0.524113 0.564095
504 0.527114 0.539736
505 0.530752 0.579944
506 0.533825 0.552918
507 0.536249 0.549852
508 0.539756 0.553188
509 0.541607 0.553066
510 0.545144 0.588013
511 0.548391 0.589153
512 0.552371 0.63754
