2 5e-07 2.63667e-07
3 4.44333e-07 3.05667e-07
4 4.30667e-07 3.74667e-07
5 5.83e-07 4.86e-07
6 6.94333e-07 6.38667e-07
7 9.02667e-07 8.33333e-07
8 1.16667e-06 1.20833e-06
9 1.51433e-06 1.639e-06
10 1.83367e-06 1.97233e-06
11 2.361e-06 2.52767e-06
12 2.847e-06 3.09733e-06
13 3.55567e-06 3.80567e-06
14 4.19467e-06 4.65267e-06
15 5.028e-06 5.59733e-06
16 2.32083e-05 6.41667e-06
17 8.51367e-06 7.639e-06
18 7.91667e-06 8.972e-06
19 9e-06 9.33333e-06
20 8.83333e-06 9.87533e-06
21 1.0208e-05 1.22083e-05
22 1.1611e-05 1.30553e-05
23 1.32643e-05 1.50697e-05
24 1.86527e-05 1.97363e-05
25 1.7e-05 1.8722e-05
26 1.9111e-05 2.12913e-05
27 2.10003e-05 2.4625e-05
28 2.35833e-05 3.09723e-05
29 5.7611e-05 4.68333e-05
30 3.86527e-05 3.9889e-05
31 4.0847e-05 4.3889e-05
32 4.66107e-05 9.6486e-05
33 4.4889e-05 4.5583e-05
34 4.22087e-05 4.70973e-05
35 4.59443e-05 4.93473e-05
36 5.0583e-05 5.41107e-05
37 5.45837e-05 5.8139e-05
38 6.1917e-05 6.30553e-05
39 6.35973e-05 7.11527e-05
40 6.7514e-05 7.4e-05
41 7.3417e-05 7.7806e-05
42 8.00277e-05 8.34167e-05
43 9.2153e-05 8.95833e-05
44 8.9736e-05 0.000100041
45 9.6875e-05 0.000104069
46 0.000102347 0.000109514
47 0.000105875 0.000110167
48 9.49027e-05 0.000129222
49 0.000101347 0.000108861
50 0.000108972 0.000114778
51 0.000114847 0.000122139
52 0.000120778 0.000129889
53 0.000127431 0.000137514
54 0.000135 0.000145278
55 0.000143278 0.000153917
56 0.000150653 0.000163194
57 0.000160486 0.00017075
58 0.00015175 0.000159958
59 0.000150708 0.000163208
60 0.000159083 0.000169542
61 0.000166819 0.000179375
62 0.000176472 0.000187361
63 0.000183667 0.000265042
64 0.000185111 0.000486611
65 0.000174792 0.00018682
66 0.000183319 0.000195403
67 0.000191139 0.000203833
68 0.000199167 0.000252861
69 0.000207639 0.000261125
70 0.000210903 0.000219028
71 0.000201875 0.000215069
72 0.000217652 0.00022593
73 0.000218611 0.000272389
74 0.000225722 0.00027925
75 0.000236055 0.000253361
76 0.000221389 0.000235097
77 0.000229611 0.000244778
78 0.000271764 0.000293583
79 0.000283472 0.000299667
80 0.000273695 0.000298736
81 0.000247292 0.000261236
82 0.000255667 0.000270514
83 0.000296153 0.000301
84 0.00028375 0.000301444
85 0.000306792 0.000315153
86 0.000271652 0.00028743
87 0.000272944 0.0002835
88 0.000306097 0.00033
89 0.000313722 0.000348153
90 0.000324208 0.000346556
91 0.000295486 0.000313514
92 0.000290542 0.000314597
93 0.000300111 0.000378125
94 0.000352042 0.000374361
95 0.0003215 0.000393931
96 0.000321667 0.000557528
97 0.00033275 0.000355069
98 0.000338208 0.000355834
99 0.000352097 0.000430056
100 0.000413847 0.000449306
101 0.00042582 0.000446972
102 0.000451667 0.000481
103 0.000454667 0.000485958
104 0.000442819 0.000468111
105 0.00046682 0.000496486
106 0.000476639 0.000495667
107 0.000494861 0.000525
108 0.000514167 0.000540069
109 0.000525278 0.000556833
110 0.000544167 0.000565514
111 0.000556764 0.000582778
112 0.000560666 0.000619042
113 0.000575792 0.00060575
114 0.000612319 0.000630917
115 0.000619722 0.000653667
116 0.000627736 0.000663986
117 0.000679291 0.000688223
118 0.000668486 0.000696528
119 0.000701389 0.000730305
120 0.0006865 0.000732194
121 0.000710847 0.000753708
122 0.000736361 0.000782611
123 0.000755931 0.000815028
124 0.000807861 0.000835292
125 0.000795903 0.000857167
126 0.000824306 0.000878778
127 0.000835194 0.000884736
128 0.000949458 0.00200029
129 0.000896139 0.000906556
130 0.000963375 0.000960763
131 0.000950069 0.000962306
132 0.00108792 0.0010009
133 0.00100383 0.00100019
134 0.00105142 0.00102383
135 0.00107883 0.00103921
136 0.00105326 0.00105272
137 0.00113118 0.00106524
138 0.00115653 0.00109642
139 0.00121462 0.00111933
140 0.00118383 0.0011416
141 0.00129138 0.00117306
142 0.00119807 0.00118529
143 0.00126999 0.0012059
144 0.00120251 0.00128858
145 0.00136131 0.00127081
146 0.00202154 0.00130264
147 0.00148961 0.00131182
148 0.0014944 0.0013521
149 0.00174378 0.00137697
150 0.00158428 0.00139793
151 0.00156808 0.00142032
152 0.00168661 0.00147742
153 0.00166332 0.00147497
154 0.00174794 0.00151476
155 0.00171706 0.00154525
156 0.00184081 0.0015904
157 0.00190736 0.00160463
158 0.00209399 0.00164182
159 0.00206808 0.00166295
160 0.00208317 0.00253876
161 0.00213301 0.00172593
162 0.0022034 0.00176914
163 0.00224246 0.00179135
164 0.00317446 0.00187132
165 0.00245522 0.00184903
166 0.00294797 0.00194468
167 0.00310689 0.00201193
168 0.0025884 0.00206586
169 0.00317743 0.00202658
170 0.00329218 0.00208147
171 0.00337742 0.00210978
172 0.00330183 0.00216188
173 0.00345676 0.00217603
174 0.00334014 0.00222719
175 0.00334981 0.00228244
176 0.00355154 0.00253612
177 0.00362083 0.00237389
178 0.0041024 0.00287938
179 0.00380487 0.00242315
180 0.00384922 0.00249621
181 0.00387843 0.00252763
182 0.00406161 0.00253639
183 0.00366433 0.00260035
184 0.00369129 0.00267329
185 0.00359389 0.00267253
186 0.00352417 0.00287279
187 0.0034149 0.00269533
188 0.00326749 0.00277726
189 0.00328208 0.00282301
190 0.00313233 0.00288351
191 0.00304232 0.00289785
192 0.00313578 0.00679664
193 0.00321404 0.00311764
194 0.00331051 0.00329396
195 0.00329993 0.00684711
196 0.00344569 0.00331254
197 0.00343474 0.00348122
198 0.00355856 0.00346543
199 0.00359014 0.00354269
200 0.00364433 0.00366447
201 0.00365621 0.00368578
202 0.00369401 0.00375371
203 0.00377601 0.0037964
204 0.00379817 0.00385815
205 0.00392019 0.00441401
206 0.00407901 0.00437682
207 0.0040586 0.00402064
208 0.00396312 0.0042026
209 0.00390329 0.00382001
210 0.00394639 0.00437589
211 0.00400304 0.00390982
212 0.00418603 0.00418279
213 0.00422362 0.00418174
214 0.00424997 0.00433285
215 0.00439543 0.0044731
216 0.00456415 0.00458458
217 0.00458885 0.00461136
218 0.00460865 0.00471853
219 0.00467232 0.00479032
220 0.00470078 0.00475136
221 0.00476143 0.00469078
222 0.00469413 0.00453268
223 0.00478203 0.00459987
224 0.00490329 0.00724129
225 0.00500633 0.00473378
226 0.00530707 0.00473383
227 0.00528997 0.00489803
228 0.00549169 0.00518651
229 0.00511696 0.0049301
230 0.00515569 0.00504163
231 0.00523225 0.00506028
232 0.00537563 0.00527533
233 0.00552925 0.00534958
234 0.00546897 0.00669249
235 0.005814 0.00564225
236 0.00564789 0.00559243
237 0.00559474 0.00545669
238 0.00571621 0.00557344
239 0.00577344 0.00560768
240 0.00598301 0.006532
241 0.00616485 0.0160529
242 0.00626826 0.00617536
243 0.00629229 0.0062751
244 0.00685997 0.00636297
245 0.0065091 0.00643882
246 0.00625839 0.00608049
247 0.00643142 0.00633671
248 0.00666456 0.0067561
249 0.00664665 0.00651585
250 0.00669526 0.00652626
251 0.00679389 0.00659776
252 0.00680529 0.00671658
253 0.00683686 0.00673031
254 0.00684983 0.00664737
255 0.00684714 0.00670272
256 0.00866337 0.0625431
257 0.00730201 0.00728665
258 0.00738297 0.00734639
259 0.00761054 0.00751893
260 0.00779131 0.00767671
261 0.00784489 0.00771483
262 0.00790532 0.00781989
263 0.00777693 0.00767739
264 0.00780508 0.00794281
265 0.00782986 0.00772669
266 0.00793581 0.00785314
267 0.00811017 0.00791653
268 0.00825378 0.00819899
269 0.00832153 0.00815307
270 0.00874657 0.00880632
271 0.00856563 0.00868819
272 0.00876897 0.0097159
273 0.00873774 0.0242527
274 0.00875408 0.00875206
275 0.00875529 0.00878485
276 0.00878721 0.00880326
277 0.00870038 0.00858125
278 0.00876326 0.00862546
279 0.00888392 0.00869164
280 0.00930965 0.00947954
281 0.00938604 0.00952567
282 0.00966692 0.00980863
283 0.0098284 0.00972685
284 0.00950025 0.00968072
285 0.00963467 0.00960429
286 0.00979965 0.00976235
287 0.00978626 0.0100303
288 0.00995279 0.0156494
289 0.0100166 0.01016
290 0.0100771 0.0101881
291 0.0101976 0.0102951
292 0.0105177 0.0105795
293 0.0104226 0.0108757
294 0.0105265 0.0108616
295 0.0107215 0.0107915
296 0.0109732 0.0112948
297 0.0109375 0.0111323
298 0.0113298 0.0113981
299 0.0112908 0.011581
300 0.011548 0.0116683
301 0.0113593 0.0112084
302 0.0111904 0.0112162
303 0.0117377 0.0118556
304 0.0120053 0.0134961
305 0.0120767 0.0123474
306 0.0121258 0.0122076
307 0.0120931 0.0120425
308 0.0119945 0.0119746
309 0.0120154 0.0118277
310 0.0122072 0.012224
311 0.0123209 0.0123398
312 0.0123984 0.0126043
313 0.012462 0.0122293
314 0.0126014 0.0123402
315 0.0129232 0.0394336
316 0.0132761 0.0134037
317 0.0133595 0.0134767
318 0.0130477 0.0130329
319 0.0132525 0.0132796
320 0.0138144 0.038331
321 0.0134582 0.0133094
322 0.013604 0.0133766
323 0.0137485 0.0136455
324 0.0142124 0.0141937
325 0.0144368 0.0145406
326 0.014796 0.0148536
327 0.014794 0.0147392
328 0.0144194 0.0147604
329 0.0147778 0.014894
330 0.0153796 0.0150852
331 0.015338 0.0154151
332 0.0154903 0.0157924
333 0.0155511 0.0156516
334 0.0157811 0.0158756
335 0.0155078 0.015528
336 0.0158788 0.0179724
337 0.0161414 0.0162652
338 0.0162248 0.01635
339 0.0163248 0.0163471
340 0.0160098 0.0160711
341 0.0162283 0.0232418
342 0.0169243 0.0170283
343 0.0169286 0.016928
344 0.0171699 0.0175856
345 0.0173409 0.0172813
346 0.0174456 0.0173181
347 0.0174282 0.0174918
348 0.0173036 0.017495
349 0.0175343 0.0176112
350 0.0179197 0.0181798
351 0.0183358 0.0246333
352 0.0184493 0.0287208
353 0.0180439 0.0179892
354 0.0184987 0.0206255
355 0.018237 0.0179819
356 0.0185572 0.0186952
357 0.0189452 0.0188695
358 0.0185906 0.0183209
359 0.0185044 0.0183263
360 0.0192697 0.0192082
361 0.018763 0.0185222
362 0.0189745 0.0187385
363 0.0191694 0.018677
364 0.0192895 0.019446
365 0.0194182 0.0191264
366 0.0195522 0.0193083
367 0.0197542 0.0193002
368 0.0200066 0.0228528
369 0.0200846 0.0196585
370 0.0202314 0.0198602
371 0.0203969 0.0199008
372 0.0206978 0.0208998
373 0.0208529 0.0203427
374 0.0208793 0.0205576
375 0.0210896 0.02056
376 0.0212296 0.0215758
377 0.0213436 0.0209175
378 0.0215992 0.0211662
379 0.0216667 0.021181
380 0.0219314 0.0218559
381 0.0221345 0.0487354
382 0.0222143 0.0218513
383 0.0224206 0.0218757
384 0.0231502 0.0978279
385 0.0227561 0.0221816
386 0.0229374 0.0224553
387 0.0230221 0.0225189
388 0.0233485 0.0233126
389 0.0233944 0.0228914
390 0.0235948 0.0364433
391 0.023703 0.0232554
392 0.0239076 0.0243743
393 0.0241038 0.0237175
394 0.0243477 0.0241361
395 0.024474 0.0239015
396 0.0247035 0.0248035
397 0.0248279 0.0243358
398 0.0249494 0.0246452
399 0.0252419 0.0248244
400 0.0255407 0.029208
401 0.0256381 0.0251111
402 0.0257626 0.0253222
403 0.02598 0.0262513
404 0.0261365 0.0261177
405 0.0263134 0.0258966
406 0.0264755 0.0261207
407 0.0267154 0.026083
408 0.0268302 0.0274028
409 0.0271337 0.0278789
410 0.0273189 0.0558093
411 0.0273731 0.0271663
412 0.0277226 0.0277168
413 0.0278451 0.02731
414 0.0279715 0.0277414
415 0.028142 0.0276401
416 0.0287886 0.0462608
417 0.02857 0.0280381
418 0.0288808 0.0463187
419 0.0289929 0.0285939
420 0.0292865 0.0298714
421 0.0293425 0.0287813
422 0.0295949 0.0291738
423 0.0298612 0.0294035
424 0.0301208 0.0309452
425 0.0302125 0.0297178
426 0.0304358 0.0301983
427 0.0306258 0.0300658
428 0.030972 0.0325861
429 0.0309963 0.0305702
430 0.0311732 0.0309706
431 0.0315137 0.0503767
432 0.0318275 0.0368064
433 0.0318916 0.0312628
434 0.0321067 0.0318106
435 0.0323855 0.0319768
436 0.0325765 0.0328776
437 0.0328835 0.0322818
438 0.0329775 0.0327182
439 0.0332634 0.0343603
440 0.0333365 0.0341868
441 0.0336501 0.0332096
442 0.0338071 0.0336527
443 0.0341915 0.0335713
444 0.0342424 0.0345908
445 0.0344478 0.0341317
446 0.0347762 0.0344132
447 0.0350694 0.0343049
448 0.0361215 0.105296
449 0.0353819 0.0348278
450 0.0356766 0.0354661
451 0.0359154 0.0355068
452 0.0361118 0.036499
453 0.0363818 0.0358185
454 0.0366541 0.0363846
455 0.0374374 0.272506
456 0.037223 0.038372
457 0.0372687 0.0368139
458 0.0376147 0.037108
459 0.0379648 0.0374892
460 0.0380584 0.0382617
461 0.0382333 0.0376832
462 0.0385659 0.0382177
463 0.0388395 0.0383289
464 0.0391736 0.0454941
465 0.0392564 0.0386235
466 0.0396157 0.0391282
467 0.0397251 0.0391221
468 0.040198 0.0412555
469 0.0404469 0.040053
470 0.0407366 0.0653552
471 0.0408592 0.0403027
472 0.0413211 0.0421464
473 0.0412745 0.0406258
474 0.0414772 0.0410771
475 0.0418651 0.0411071
476 0.0420182 0.0426671
477 0.0424934 0.0417634
478 0.0426504 0.0423645
479 0.0428655 0.0421913
480 0.0435644 0.0712868
481 0.0433662 0.0427068
482 0.0437847 0.0806343
483 0.0443046 0.0435596
484 0.0440977 0.0449166
485 0.0444647 0.0441849
486 0.0451629 0.0760408
487 0.0449225 0.0445011
488 0.0452016 0.0463458
489 0.0456408 0.0449953
490 0.0458602 0.045512
491 0.0460293 0.0453137
492 0.0463404 0.0472873
493 0.0467449 0.0460645
494 0.0469341 0.0466027
495 0.0471213 0.0464611
496 0.047676 0.0557274
497 0.0477615 0.0470986
498 0.0480014 0.0477
499 0.0484213 0.0476084
500 0.0485204 0.0491618
501 0.048856 0.0483859
502 0.0493114 0.0490627
503 0.0496246 0.114863
504 0.0498678 0.0511237
505 0.0508099 0.0882598
506 0.0515454 0.0505427
507 0.051543 0.0507782
508 0.0514802 0.0521446
509 0.0516903 0.0517457
510 0.0517358 0.051571
511 0.0521337 0.0515028
512 0.0550184 0.542538
