2 1.44433e-06 1.18033e-06
3 2.11167e-06 1.84733e-06
4 3.16633e-06 2.83333e-06
5 4.43033e-06 4.20833e-06
6 6.44467e-06 6.84733e-06
7 9.80567e-06 9.72233e-06
8 1.36107e-05 1.35273e-05
9 1.82917e-05 1.80833e-05
10 2.3847e-05 2.37223e-05
11 2.51943e-05 2.5514e-05
12 3.21943e-05 3.15977e-05
13 3.98613e-05 3.89997e-05
14 4.76807e-05 4.7792e-05
15 8.60693e-05 9.28473e-05
16 8.475e-05 9.19447e-05
17 8.12777e-05 7.875e-05
18 9.17077e-05 9.20137e-05
19 0.000104375 0.000106194
20 0.000121917 0.000122264
21 0.000141653 0.000141472
22 0.000159944 0.000160375
23 0.000180486 0.000181542
24 0.000190167 0.000192917
25 0.00018625 0.000187417
26 0.000209069 0.000208917
27 0.000230611 0.000232028
28 0.000256236 0.000256847
29 0.000283736 0.000283639
30 0.00028018 0.000281972
31 0.000287764 0.000290708
32 0.000317931 0.000319708
33 0.000349014 0.000350097
34 0.000339584 0.000331958
35 0.000354861 0.000356389
36 0.000387903 0.000389236
37 0.000396223 0.000387
38 0.000398861 0.00040125
39 0.000428056 0.000437472
40 0.000434431 0.000435861
41 0.000445722 0.000447875
42 0.000462653 0.000464125
43 0.000461223 0.000465347
44 0.00049768 0.000487542
45 0.000489208 0.000493
46 0.000521556 0.000511181
47 0.000514333 0.000522861
48 0.000572736 0.000554139
49 0.000570139 0.000566458
50 0.000573653 0.000577777
51 0.000607875 0.000608861
52 0.00062293 0.000624236
53 0.000651292 0.000654833
54 0.000691069 0.0006945
55 0.000701917 0.000706833
56 0.000742361 0.000746472
57 0.00078425 0.000790653
58 0.000832389 0.000839958
59 0.000876598 0.000885014
60 0.000926292 0.000930167
61 0.000978514 0.000998361
62 0.00102475 0.00102307
63 0.00105874 0.00105942
64 0.00111678 0.00112388
65 0.00117549 0.0011736
66 0.00122246 0.00122993
67 0.00126714 0.00127506
68 0.00133762 0.00134789
69 0.00139354 0.00140363
70 0.00145356 0.00146075
71 0.00150722 0.00151299
72 0.00157961 0.00157628
73 0.00163383 0.0016469
74 0.00170106 0.00171083
75 0.00178517 0.00179524
76 0.00183933 0.00185246
77 0.00191083 0.0019129
78 0.00195243 0.0019619
79 0.00205897 0.00207575
80 0.00220472 0.00220843
81 0.00223036 0.00223742
82 0.00231233 0.00232678
83 0.00238394 0.00240201
84 0.00246738 0.00248306
85 0.00255233 0.00257136
86 0.00265032 0.00265767
87 0.00274349 0.00275686
88 0.00282836 0.00285511
89 0.00292322 0.00294929
90 0.00302971 0.00303726
91 0.00310768 0.003127
92 0.00322635 0.00328044
93 0.00343251 0.00341789
94 0.00345386 0.00351832
95 0.0035759 0.00359567
96 0.00367951 0.00373393
97 0.00378382 0.00382628
98 0.00390165 0.00400553
99 0.00404183 0.00410011
100 0.00416314 0.00418722
101 0.00426518 0.00426413
102 0.00437211 0.0043955
103 0.0044844 0.00449865
104 0.0046309 0.00465493
105 0.00487385 0.00481036
106 0.00490368 0.00493618
107 0.00500949 0.00505213
108 0.00515838 0.00520415
109 0.00531821 0.00533751
110 0.00549638 0.00551253
111 0.0056216 0.00566233
112 0.00575915 0.00587261
113 0.00587078 0.0058881
114 0.00608542 0.00620019
115 0.00634344 0.00629532
116 0.00638825 0.00648874
117 0.00668371 0.00664639
118 0.00673701 0.00678578
119 0.0068094 0.00694108
120 0.00705231 0.00711313
121 0.00724833 0.00721142
122 0.00747201 0.00742746
123 0.00768775 0.00765236
124 0.00780896 0.00779351
125 0.00794308 0.00808728
126 0.00822361 0.00836496
127 0.0083628 0.00829465
128 0.00858028 0.0087075
129 0.008782 0.00883903
130 0.0093271 0.00942181
131 0.00921307 0.00916243
132 0.00934368 0.00943367
133 0.0095427 0.00962371
134 0.00972114 0.00978329
135 0.0100262 0.0101217
136 0.0101962 0.0102968
137 0.010408 0.0105064
138 0.0106575 0.0107216
139 0.0107769 0.01092
140 0.0111426 0.0112106
141 0.0114672 0.0114855
142 0.0115697 0.0116814
143 0.0118251 0.0120505
144 0.0120719 0.0121758
145 0.0123499 0.0124217
146 0.0125655 0.012699
147 0.0128956 0.0129959
148 0.0131148 0.0132497
149 0.0133722 0.0134768
150 0.013637 0.0137299
151 0.0138573 0.0139684
152 0.0142261 0.0143517
153 0.0145208 0.0146512
154 0.014874 0.0149012
155 0.0151437 0.0152703
156 0.0152906 0.015437
157 0.0155966 0.0157265
158 0.015883 0.0160627
159 0.0162464 0.0163711
160 0.0165149 0.0166604
161 0.0168068 0.016952
162 0.0171196 0.0172448
163 0.0173941 0.0175501
164 0.0178316 0.018077
165 0.0181408 0.0182767
166 0.0184529 0.0185966
167 0.0187404 0.0188703
168 0.0190688 0.0192571
169 0.0194187 0.0195484
170 0.019812 0.0199809
171 0.0200766 0.0203132
172 0.0205636 0.020636
173 0.0208675 0.0209868
174 0.0211784 0.0213279
175 0.0215093 0.021661
176 0.0220475 0.0221997
177 0.0223757 0.0225127
178 0.0227197 0.0232921
179 0.0231568 0.0232129
180 0.0234567 0.023588
181 0.023849 0.0239113
182 0.0242437 0.0244072
183 0.0247528 0.0248761
184 0.0251352 0.0251703
185 0.0254919 0.0257009
186 0.025873 0.0261635
187 0.0262538 0.0263558
188 0.0269215 0.0270594
189 0.0274098 0.027535
190 0.0276723 0.0277907
191 0.0281467 0.0283336
192 0.028486 0.0287045
193 0.0289209 0.0291083
194 0.0293547 0.0294753
195 0.0300501 0.0329017
196 0.0301923 0.0305102
197 0.0307518 0.030866
198 0.0311599 0.0314555
199 0.0316079 0.0317195
200 0.0322547 0.0324254
201 0.0330454 0.0330423
202 0.0334007 0.0334557
203 0.0339174 0.0339697
204 0.0340971 0.0342172
205 0.0346213 0.0355011
206 0.0352137 0.0352348
207 0.0357637 0.0358489
208 0.0362507 0.0364485
209 0.0366788 0.036768
210 0.0372512 0.0379082
211 0.0376438 0.0377694
212 0.0384015 0.0385525
213 0.0389456 0.0390377
214 0.0395172 0.0395468
215 0.0400942 0.0401933
216 0.040437 0.0406651
217 0.041005 0.0411139
218 0.0416226 0.0416825
219 0.0422877 0.0423756
220 0.0426958 0.0428572
221 0.0432992 0.0434433
222 0.0439953 0.0440069
223 0.0443799 0.0444942
224 0.045216 0.045434
225 0.0457707 0.0459745
226 0.046429 0.0465805
227 0.0469894 0.0470771
228 0.0475021 0.0477148
229 0.0481516 0.0483434
230 0.0487512 0.0489053
231 0.049554 0.0496998
232 0.0502942 0.0502891
233 0.0506843 0.0508108
234 0.051311 0.0526591
235 0.0519325 0.0521299
236 0.0528491 0.0529935
237 0.0537373 0.0537568
238 0.0541794 0.054183
239 0.0547108 0.0547666
240 0.0553553 0.0557818
241 0.0560615 0.0631506
242 0.0568339 0.0570295
243 0.0578516 0.0579422
244 0.0582245 0.058349
245 0.0588582 0.0590095
246 0.0596859 0.0597257
247 0.0602058 0.0603555
248 0.0614766 0.0617019
249 0.0622058 0.0620557
250 0.0625965 0.0626531
251 0.0633071 0.0634062
252 0.0639655 0.0642171
253 0.0647569 0.0649239
254 0.0656184 0.0656705
255 0.0665478 0.0666045
256 0.0671966 0.0777238
257 0.0678925 0.0679798
258 0.0686316 0.068862
259 0.0694245 0.0695291
260 0.0704982 0.0709737
261 0.0717169 0.0719747
262 0.0721687 0.0724408
263 0.0729967 0.0735428
264 0.0735289 0.0738174
265 0.0744547 0.0748107
266 0.0752216 0.0756101
267 0.0764453 0.0765923
268 0.076987 0.0773079
269 0.0778829 0.0779703
270 0.0786603 0.0789077
271 0.0795118 0.0795553
272 0.080766 0.0810446
273 0.0817524 0.0922389
274 0.0825132 0.0826502
275 0.0833269 0.0836113
276 0.0839885 0.0842965
277 0.0848811 0.0851899
278 0.0857975 0.0860011
279 0.0871218 0.0872674
280 0.0876875 0.0880594
281 0.0885934 0.0888828
282 0.0894995 0.0898478
283 0.0903429 0.0905877
284 0.0918502 0.0920928
285 0.0926875 0.0928647
286 0.093473 0.0936344
287 0.0943183 0.0944427
288 0.0954014 0.0957967
289 0.0964287 0.0964434
290 0.097295 0.0976187
291 0.0986366 0.0988403
292 0.0992973 0.0996691
293 0.100448 0.101145
294 0.101319 0.101731
295 0.10225 0.102485
296 0.104015 0.104685
297 0.105077 0.105187
298 0.105938 0.106224
299 0.106587 0.106956
300 0.107716 0.108052
301 0.108772 0.109011
302 0.109902 0.110269
303 0.111337 0.111606
304 0.112008 0.112507
305 0.113322 0.113417
306 0.114155 0.11445
307 0.115157 0.115535
308 0.117356 0.117776
309 0.118038 0.118441
310 0.119119 0.119479
311 0.119744 0.120136
312 0.121311 0.121996
313 0.122136 0.122478
314 0.124336 0.123673
315 0.125767 0.143219
316 0.12561 0.126036
317 0.126907 0.127328
318 0.128003 0.128502
319 0.129075 0.129395
320 0.131132 0.13756
321 0.132899 0.13324
322 0.133071 0.13346
323 0.134183 0.134382
324 0.135315 0.135919
325 0.136665 0.137181
326 0.13809 0.138543
327 0.14004 0.140564
328 0.140967 0.141905
329 0.141786 0.142056
330 0.143165 0.143468
331 0.144176 0.144842
332 0.146315 0.147258
333 0.14757 0.147989
334 0.148393 0.149099
335 0.150735 0.151187
336 0.151431 0.151732
337 0.152523 0.15323
338 0.153699 0.154069
339 0.155735 0.15592
340 0.156398 0.157287
341 0.157701 0.167801
342 0.159285 0.161409
343 0.160445 0.161055
344 0.163254 0.163737
345 0.164256 0.164571
346 0.16546 0.165918
347 0.166408 0.16672
348 0.167592 0.168153
349 0.16913 0.169919
350 0.170453 0.171055
351 0.172692 0.178322
352 0.173649 0.174369
353 0.174883 0.175355
354 0.176535 0.179612
355 0.177652 0.178163
356 0.180508 0.181737
357 0.181347 0.181902
358 0.182791 0.183195
359 0.183797 0.184415
360 0.1854 0.186142
361 0.187061 0.187394
362 0.188573 0.189473
363 0.19103 0.191751
364 0.191511 0.192678
365 0.193063 0.194201
366 0.195076 0.195492
367 0.196196 0.196869
368 0.19965 0.200326
369 0.201136 0.202059
370 0.202013 0.202526
371 0.202936 0.20391
372 0.205163 0.206486
373 0.207298 0.20746
374 0.208384 0.208951
375 0.211305 0.212033
376 0.21113 0.21206
377 0.212889 0.213389
378 0.214412 0.215408
379 0.215879 0.23172
380 0.220379 0.221055
381 0.223755 0.253987
382 0.222666 0.224558
383 0.230445 0.225887
384 0.225065 0.267162
385 0.22667 0.229093
386 0.228498 0.230165
387 0.230952 0.232285
388 0.231956 0.233249
389 0.233711 0.234385
390 0.235438 0.246851
391 0.237027 0.237445
392 0.239969 0.240909
393 0.24179 0.242518
394 0.243181 0.244153
395 0.246941 0.247441
396 0.246341 0.247243
397 0.248385 0.24902
398 0.25019 0.250802
399 0.252997 0.253694
400 0.254365 0.255506
401 0.255782 0.257064
402 0.257696 0.258536
403 0.259691 0.260447
404 0.262681 0.263576
405 0.264864 0.265364
406 0.266015 0.267025
407 0.267862 0.268719
408 0.269356 0.270707
409 0.271333 0.275397
410 0.273399 0.286525
411 0.276433 0.277357
412 0.277271 0.278571
413 0.279473 0.280646
414 0.281313 0.2826
415 0.283292 0.284013
416 0.287323 0.28878
417 0.288089 0.289073
418 0.291559 0.306228
419 0.294234 0.293809
420 0.293624 0.2959
421 0.29597 0.296906
422 0.298381 0.299516
423 0.302239 0.303475
424 0.30258 0.30441
425 0.304458 0.305485
426 0.306558 0.308765
427 0.308629 0.309809
428 0.313465 0.316669
429 0.314764 0.315673
430 0.315317 0.316506
431 0.317492 0.333673
432 0.319387 0.321054
433 0.321619 0.322781
434 0.323815 0.325525
435 0.328436 0.330157
436 0.328242 0.330066
437 0.330543 0.331769
438 0.332832 0.334271
439 0.33502 0.339602
440 0.339149 0.340438
441 0.343218 0.344227
442 0.344967 0.346202
443 0.344771 0.346338
444 0.346672 0.348243
445 0.349148 0.350416
446 0.351366 0.353162
447 0.355575 0.356764
448 0.357538 0.37838
449 0.358897 0.361623
450 0.362145 0.363687
451 0.364181 0.366131
452 0.368006 0.369731
453 0.369347 0.370497
454 0.372911 0.391183
455 0.374288 0.435054
456 0.375416 0.377679
457 17.707 0.381502
458 0.38145 0.38333
459 0.384911 0.389314
460 0.385295 0.387075
461 0.387859 0.389985
462 0.390327 0.392217
463 0.39262 0.395241
464 0.397063 0.39917
465 0.399788 0.401532
466 0.402298 0.404401
467 0.403542 0.405356
468 0.405622 0.40953
469 0.408616 0.411013
470 0.41083 0.433018
471 0.415329 0.416557
472 0.416171 0.41815
473 0.418703 0.420836
474 0.421779 0.423155
475 0.423966 0.426187
476 0.429142 0.430799
477 0.431178 0.433052
478 0.43203 0.434045
479 0.435077 0.436532
480 0.438507 0.442539
481 0.441256 0.445537
482 0.443018 0.478038
483 0.448273 0.449509
484 0.448624 0.450899
485 0.451663 0.45494
486 0.454119 0.481739
487 0.456369 0.458884
488 0.464001 0.465434
489 0.465761 0.467892
490 0.467405 0.469203
491 0.468526 0.471219
492 0.470914 0.474014
493 0.474019 0.477032
494 0.476961 0.47994
495 0.483479 0.485435
496 0.483496 0.486358
497 0.48552 0.488001
498 0.488501 0.491219
499 0.490878 0.493374
500 0.496426 0.499218
501 0.503815 0.506586
502 0.505227 0.507108
503 0.505235 0.579762
504 0.523019 0.585682
505 0.530577 0.572897
506 0.512377 0.527584
507 0.518652 0.553426
508 0.518185 0.576332
509 0.52148 0.596076
510 0.524435 0.569884
511 0.526831 0.528766
512 0.533002 0.616578
