2 1.24967e-06 1.01367e-06
3 1.83333e-06 1.58333e-06
4 2.542e-06 2.43067e-06
5 3.80533e-06 3.69433e-06
6 5.90267e-06 5.458e-06
7 8.33333e-06 8.33333e-06
8 1.17503e-05 1.16667e-05
9 1.5597e-05 1.55557e-05
10 2.0625e-05 2.05273e-05
11 2.62223e-05 2.6208e-05
12 3.32497e-05 3.3264e-05
13 4.1083e-05 4.1e-05
14 5.0403e-05 5.05137e-05
15 6.06527e-05 6.0583e-05
16 7.7972e-05 7.78613e-05
17 0.000107389 0.000102681
18 0.000101903 0.000105055
19 0.000108417 0.000108722
20 0.000124597 0.000126125
21 0.000140374 0.000142263
22 0.000162472 0.000163417
23 0.000183292 0.000184125
24 0.000207083 0.000207042
25 0.000206014 0.000193264
26 0.000211611 0.000210958
27 0.000235875 0.000242903
28 0.000261431 0.000266361
29 0.000285653 0.000287569
30 0.000308375 0.000307653
31 0.00029925 0.000299875
32 0.000326542 0.000328403
33 0.000356389 0.000358945
34 0.000352834 0.000344611
35 0.000365222 0.000372598
36 0.000395653 0.000398778
37 0.00039925 0.000397667
38 0.000409222 0.000410528
39 0.000439417 0.000441903
40 0.000440264 0.000441945
41 0.000454236 0.000457403
42 0.000468958 0.00046607
43 0.000476597 0.000481195
44 0.000495902 0.000502319
45 0.000495431 0.000501833
46 0.000523931 0.000524667
47 0.000530222 0.000534181
48 0.000563361 0.000566666
49 0.000565445 0.000558709
50 0.000595486 0.000593444
51 0.000626194 0.000629764
52 0.000636694 0.000641153
53 0.000658972 0.000660653
54 0.000700153 0.000701778
55 0.000725528 0.000726583
56 0.000781736 0.000766444
57 0.000809639 0.000815375
58 0.000854875 0.000860681
59 0.000904056 0.000910681
60 0.000950333 0.000954875
61 0.000989431 0.000996847
62 0.00104339 0.001051
63 0.00109544 0.0011029
64 0.00115581 0.00117979
65 0.00121726 0.001237
66 0.00123118 0.00123621
67 0.00128607 0.00129297
68 0.00136044 0.00134854
69 0.00139219 0.00140093
70 0.00145946 0.001469
71 0.00152493 0.0015306
72 0.00158535 0.00160254
73 0.00164986 0.00166107
74 0.00170704 0.00171869
75 0.00178736 0.00180453
76 0.00185647 0.00186743
77 0.00192031 0.00193622
78 0.00200172 0.00201578
79 0.00208847 0.00209343
80 0.00215507 0.00217169
81 0.00223815 0.00225999
82 0.002317 0.00233576
83 0.00240517 0.00241669
84 0.00248947 0.00251899
85 0.00266156 0.00267383
86 0.00277046 0.00276451
87 0.00281721 0.00283726
88 0.00285904 0.00287274
89 0.00297347 0.00298763
90 0.00307038 0.00311458
91 0.00328685 0.00329097
92 0.0033155 0.00334256
93 0.00347151 0.0033871
94 0.00353218 0.00352151
95 0.00364482 0.00363276
96 0.0037336 0.00372875
97 0.00388903 0.00384414
98 0.00390768 0.00393879
99 0.00408476 0.00413342
100 0.00424131 0.00426526
101 0.0043409 0.004372
102 0.0044969 0.00451299
103 0.00469786 0.00464372
104 0.00474643 0.00475382
105 0.00479574 0.00483924
106 0.00491061 0.00495678
107 0.00507388 0.00509806
108 0.00527718 0.00526522
109 0.0053734 0.00543617
110 0.00560614 0.0056529
111 0.00570247 0.00576372
112 0.00585257 0.00590324
113 0.00600692 0.00603862
114 0.00619997 0.00634249
115 0.00640582 0.00640594
116 0.00649914 0.00655918
117 0.00660853 0.00672442
118 0.0070741 0.0070629
119 0.00711035 0.00702504
120 0.00721382 0.00722067
121 0.00740701 0.00746269
122 0.00756586 0.00766692
123 0.00776222 0.00776369
124 0.00799442 0.00794299
125 0.00811514 0.00811683
126 0.00837807 0.00850578
127 0.00852775 0.00853985
128 0.00874392 0.00887146
129 0.00897567 0.00902843
130 0.00915569 0.00924533
131 0.0093826 0.00945901
132 0.00961924 0.00970918
133 0.00979313 0.00986753
134 0.010044 0.010115
135 0.0102181 0.0102894
136 0.0102921 0.010416
137 0.0105172 0.0106074
138 0.0107089 0.010812
139 0.010979 0.0110837
140 0.0112215 0.011311
141 0.0114148 0.0115618
142 0.0118816 0.0118715
143 0.0121747 0.0122801
144 0.0124331 0.0125274
145 0.0126869 0.0127942
146 0.0129408 0.0130664
147 0.0131942 0.0133155
148 0.0134941 0.0135385
149 0.0134469 0.0135893
150 0.0137485 0.0138803
151 0.0140175 0.0141553
152 0.0143265 0.0144526
153 0.0146157 0.0149695
154 0.0150743 0.0152632
155 0.0154464 0.0155703
156 0.0157318 0.015874
157 0.0159933 0.0161584
158 0.0164461 0.0165461
159 0.0164468 0.0165567
160 0.0167163 0.0168157
161 0.016983 0.0172478
162 0.0172822 0.017464
163 0.0179704 0.0180154
164 0.018074 0.0182808
165 0.0182393 0.0184799
166 0.0186912 0.0189565
167 0.0189924 0.019212
168 0.0193665 0.0197241
169 0.0196355 0.0199802
170 0.0200168 0.0203891
171 0.0203644 0.0207977
172 0.0208702 0.0211743
173 0.021344 0.0215596
174 0.0217951 0.0220045
175 0.0222077 0.0224078
176 0.0226057 0.0227546
177 0.0229635 0.0231462
178 0.0233558 0.0240393
179 0.0237663 0.0239189
180 0.0241531 0.024353
181 0.0242935 0.024445
182 0.02475 0.0251292
183 0.0251576 0.0254975
184 0.0254995 0.0258694
185 0.0257404 0.0260672
186 0.0263155 0.0267993
187 0.0271011 0.0272701
188 0.0277278 0.0276053
189 0.0279188 0.0280732
190 0.0285321 0.0285683
191 0.0288381 0.0290253
192 0.0293811 0.029613
193 0.0295487 0.0298525
194 0.0302177 0.0304173
195 0.0307189 0.0339975
196 0.0311561 0.0313419
197 0.0315596 0.0317582
198 0.0320851 0.0321404
199 0.0326464 0.0327638
200 0.0331222 0.0334465
201 0.0335883 0.0337616
202 0.0340629 0.0342383
203 0.0346186 0.0347808
204 0.035101 0.0352409
205 0.0356128 0.0365146
206 0.0361355 0.0363177
207 0.036407 0.0367784
208 0.0369256 0.0374358
209 0.0375276 0.0378983
210 0.0381567 0.0391208
211 0.0387441 0.0389971
212 0.0393699 0.0395857
213 0.0398178 0.03992
214 0.0404302 0.0406905
215 0.0408873 0.0412575
216 0.041625 0.0417607
217 0.0421407 0.0424874
218 0.0427315 0.0429062
219 0.0434112 0.043575
220 0.0439789 0.0442822
221 0.0444832 0.0446967
222 0.0450733 0.0453749
223 0.0458511 0.0459682
224 0.0465727 0.0467085
225 0.0470011 0.0472174
226 0.0473235 0.047788
227 0.0482894 0.048483
228 0.0488989 0.049193
229 0.0494631 0.049691
230 0.0502102 0.0505378
231 0.0508488 0.0510768
232 0.0514514 0.0518519
233 0.0522077 0.0524802
234 0.0525778 0.0542648
235 0.0534051 0.05375
236 0.0541437 0.0545564
237 0.0547837 0.0550396
238 0.0555798 0.0558486
239 0.0563697 0.0564908
240 0.0570457 0.0572754
241 0.0575635 0.0655099
242 0.0585113 0.0586341
243 0.0590744 0.059358
244 0.0598375 0.0601205
245 0.0605413 0.0607846
246 0.0613403 0.0615843
247 0.0621927 0.0623629
248 0.0628667 0.0633411
249 0.063584 0.0636672
250 0.0642747 0.0644666
251 0.0651842 0.0653611
252 0.0658857 0.0662189
253 0.0666032 0.0668335
254 0.0675222 0.0676999
255 0.0683188 0.0684307
256 0.0691233 0.0793701
257 0.0697656 0.0702052
258 0.0705814 0.0710222
259 0.0716858 0.0718999
260 0.0722575 0.0730196
261 0.073142 0.0733992
262 0.0740354 0.0743587
263 0.0749221 0.0751994
264 0.0757347 0.0762138
265 0.0765725 0.0770173
266 0.0773131 0.077776
267 0.0782841 0.0787821
268 0.0791503 0.079629
269 0.0799161 0.0804134
270 0.0809015 0.0813594
271 0.0818096 0.0822365
272 0.0828859 0.0832908
273 0.0837325 0.0953065
274 0.0845648 0.0848788
275 0.0854838 0.0860294
276 0.0864381 0.0868307
277 0.0872538 0.0876571
278 0.088328 0.0886856
279 0.0892108 0.0897833
280 0.0902779 0.0907587
281 0.0913284 0.0916554
282 0.0921178 0.0924332
283 0.09314 0.0936075
284 0.0942297 0.0949202
285 0.0950404 0.0956092
286 0.0961335 0.096642
287 0.0972448 0.0975037
288 0.098231 0.0988154
289 0.0992651 0.0995222
290 0.100222 0.100731
291 0.101291 0.101659
292 0.102215 0.102822
293 0.103112 0.104184
294 0.104414 0.104827
295 0.105425 0.105918
296 0.106524 0.107243
297 0.10764 0.108153
298 0.108517 0.109206
299 0.109737 0.11035
300 0.110896 0.111396
301 0.111822 0.112467
302 0.114373 0.114136
303 0.114224 0.114676
304 0.115583 0.116163
305 0.116543 0.11706
306 0.117569 0.118202
307 0.118812 0.119293
308 0.120008 0.120649
309 0.12097 0.121505
310 0.122203 0.12284
311 0.123491 0.124039
312 0.124935 0.125353
313 0.125794 0.126459
314 0.126836 0.127557
315 0.12825 0.147789
316 0.129654 0.131161
317 0.130476 0.131206
318 0.131835 0.132667
319 0.133149 0.13363
320 0.134432 0.141807
321 0.135592 0.13635
322 0.136923 0.137524
323 0.138121 0.138961
324 0.139577 0.140216
325 0.1405 0.141422
326 0.142145 0.142808
327 0.143325 0.144044
328 0.144675 0.145776
329 0.14596 0.14693
330 0.147079 0.147843
331 0.148651 0.149588
332 0.149913 0.151254
333 0.151051 0.152065
334 0.152619 0.153596
335 0.154117 0.154881
336 0.155605 0.156459
337 0.15691 0.157621
338 0.158424 0.158975
339 0.15968 0.160194
340 0.161023 0.162
341 0.162305 0.172916
342 0.163843 0.166757
343 0.165359 0.166336
344 0.166886 0.168012
345 0.168171 0.169293
346 0.169344 0.170442
347 0.171099 0.172102
348 0.17264 0.173604
349 0.173957 0.174816
350 0.175501 0.176673
351 0.177099 0.183599
352 0.178883 0.179938
353 0.180148 0.181161
354 0.18147 0.185306
355 0.183085 0.184083
356 0.184673 0.186321
357 0.186102 0.187069
358 0.187979 0.188753
359 0.189366 0.190194
360 0.191031 0.192231
361 0.192775 0.193734
362 0.19398 0.194993
363 0.19585 0.197501
364 0.198807 0.199066
365 0.199187 0.200746
366 0.200897 0.201831
367 0.202349 0.203393
368 0.203988 0.205576
369 0.206482 0.207835
370 0.209577 0.217718
371 0.209649 0.210814
372 0.211275 0.213213
373 0.212671 0.214697
374 0.214568 0.215577
375 0.215611 0.217308
376 0.217304 0.219043
377 0.219297 0.220262
378 0.220651 0.221923
379 0.222561 0.223984
380 0.224188 0.225984
381 0.225852 0.249636
382 0.228018 0.22909
383 0.229805 0.230898
384 0.231792 0.275917
385 0.233518 0.234625
386 0.235127 0.236218
387 0.236997 0.238368
388 0.23886 0.240521
389 0.240428 0.241924
390 0.242551 0.25524
391 0.244528 0.245938
392 0.246582 0.248093
393 0.248314 0.249423
394 0.250046 0.251379
395 0.251938 0.253696
396 0.253633 0.25559
397 0.255285 0.257255
398 0.257598 0.259256
399 0.259749 0.261265
400 0.26179 0.263696
401 0.263342 0.265285
402 0.265302 0.267186
403 0.26751 0.269202
404 0.269452 0.27126
405 0.272199 0.273216
406 0.274147 0.275752
407 0.288564 0.311448
408 0.290129 0.321665
409 0.286736 0.290583
410 0.281212 0.29459
411 0.283636 0.285356
412 0.28563 0.287442
413 0.287479 0.289447
414 0.289879 0.291533
415 0.291845 0.293572
416 0.294367 0.296522
417 0.296176 0.297837
418 0.298117 0.315974
419 0.300477 0.302049
420 0.302436 0.305537
421 0.304317 0.306118
422 0.306952 0.308641
423 0.308989 0.310823
424 0.311443 0.313757
425 0.313489 0.315649
426 0.315466 0.317842
427 0.31794 0.319959
428 0.320114 0.324304
429 0.322155 0.323829
430 0.324949 0.326616
431 0.326903 0.34481
432 0.329546 0.331476
433 0.331448 0.333359
434 0.333752 0.335712
435 0.335939 0.338555
436 0.338568 0.340627
437 0.340779 0.345315
438 0.342994 0.345122
439 0.345271 0.350906
440 0.36141 0.383375
441 0.361065 0.39602
442 0.352009 0.354521
443 0.354897 0.359498
444 0.357152 0.359493
445 0.359152 0.361911
446 0.362226 0.364047
447 0.364453 0.366565
448 0.367325 0.388402
449 0.36938 0.371444
450 0.371701 0.373913
451 0.374356 0.376558
452 0.376966 0.379433
453 0.378967 0.381279
454 0.381855 0.38412
455 0.384777 0.449224
456 0.387232 0.391217
457 0.389484 0.391803
458 0.391432 0.39414
459 0.394638 0.397119
460 0.397122 0.399704
461 0.399248 0.402963
462 0.402562 0.404592
463 0.406191 0.40999
464 0.408028 0.410659
465 0.410158 0.413033
466 0.412802 0.415406
467 0.415326 0.4181
468 0.418109 0.422245
469 0.420294 0.42352
470 0.423243 0.447083
471 0.426335 0.428286
472 0.429269 0.431945
473 0.431592 0.434658
474 0.433901 0.436519
475 0.43704 0.439902
476 0.439818 0.442993
477 0.442049 0.444752
478 0.445662 0.448317
479 0.448258 0.450796
480 0.451235 0.455498
481 0.453635 0.456343
482 0.456362 0.495938
483 0.459664 0.462081
484 0.462532 0.465152
485 0.465381 0.47161
486 0.467913 0.498312
487 0.470814 0.473562
488 0.476473 0.501173
489 0.497894 0.590274
490 0.487558 0.502797
491 0.482738 0.485585
492 0.485912 0.490043
493 0.488266 0.491595
494 0.491635 0.494412
495 0.495324 0.497756
496 0.498167 0.501765
497 0.500671 0.50297
498 0.503707 0.507633
499 0.506913 0.51016
500 0.509405 0.513472
501 0.512064 0.51555
502 0.515379 0.518836
503 0.519039 0.573497
504 0.523956 0.526842
505 0.524648 0.572571
506 0.5275 0.544564
507 0.530982 0.568571
508 0.533837 0.594696
509 0.536873 0.614037
510 0.54059 0.589475
511 0.543665 0.545671
512 0.547226 0.628768
