2 5.97e-07 2.91333e-07
3 4.72333e-07 3.47333e-07
4 5.14e-07 4.86e-07
5 6.94333e-07 6.66667e-07
6 8.61e-07 1.208e-06
7 1.13867e-06 1.264e-06
8 1.41667e-06 1.59733e-06
9 1.95833e-06 2.59733e-06
10 2.38867e-06 3.097e-06
11 3.04133e-06 3.30533e-06
12 3.66667e-06 3.861e-06
13 4.319e-06 4.722e-06
14 5.375e-06 5.81933e-06
15 6.403e-06 6.97267e-06
16 7.56933e-06 9.18067e-06
17 7.722e-06 8.569e-06
18 8.22233e-06 9.02767e-06
19 9.5e-06 1.04587e-05
20 1.12497e-05 1.21803e-05
21 1.2583e-05 1.3986e-05
22 1.62503e-05 1.60973e-05
23 1.6583e-05 1.82083e-05
24 2.24587e-05 2.39863e-05
25 2.1125e-05 2.28473e-05
26 2.3778e-05 2.5903e-05
27 2.6361e-05 2.725e-05
28 2.4333e-05 2.6583e-05
29 2.6611e-05 2.89447e-05
30 3.11947e-05 3.2167e-05
31 3.2528e-05 3.5639e-05
32 3.68057e-05 4.93887e-05
33 5.58333e-05 4.69867e-05
34 5.90693e-05 5.90273e-05
35 6.10277e-05 6.3403e-05
36 5.95833e-05 5.9847e-05
37 5.4486e-05 5.82223e-05
38 5.93057e-05 6.28333e-05
39 6.4139e-05 6.80557e-05
40 6.83887e-05 7.69307e-05
41 7.35697e-05 7.8653e-05
42 7.9139e-05 8.44857e-05
43 8.625e-05 8.9778e-05
44 9.0986e-05 9.88057e-05
45 9.72363e-05 0.000103931
46 0.000105514 0.000110167
47 0.000110667 0.000117222
48 0.000147806 0.000185111
49 0.000105959 0.000109139
50 0.000108445 0.000115125
51 0.000115347 0.000124208
52 0.000122181 0.000130167
53 0.000130042 0.000137555
54 0.000137861 0.000145694
55 0.000151097 0.000153778
56 0.000153139 0.000180305
57 0.0001625 0.000170486
58 0.000204958 0.000171375
59 0.000191973 0.000162139
60 0.000224472 0.000170625
61 0.000177917 0.000178514
62 0.00017925 0.000186972
63 0.000249695 0.000256
64 0.000233528 0.000485431
65 0.000231055 0.000189431
66 0.000189236 0.000202194
67 0.000197319 0.000205903
68 0.000246152 0.000253319
69 0.000256639 0.000260403
70 0.000236167 0.000208917
71 0.000209361 0.000219875
72 0.000246569 0.000254486
73 0.000268737 0.000279542
74 0.000287611 0.000283944
75 0.000269 0.000232556
76 0.000229667 0.00024825
77 0.000243652 0.000247833
78 0.000291194 0.000291069
79 0.000306264 0.000286361
80 0.000280847 0.000410403
81 0.000265083 0.000265152
82 0.000283347 0.000280056
83 0.000305431 0.000295958
84 0.000311319 0.000306722
85 0.000316902 0.000321042
86 0.000278639 0.000281361
87 0.000291597 0.000284542
88 0.000321445 0.000349347
89 0.000373708 0.000358195
90 0.000353167 0.000335944
91 0.000324695 0.000317986
92 0.000301597 0.000313902
93 0.000429528 0.000390014
94 0.000410584 0.000373847
95 0.000389014 0.000379458
96 0.000380945 0.000861208
97 0.000371708 0.000354319
98 0.0003905 0.000361306
99 0.00040525 0.000371014
100 0.000425195 0.000433889
101 0.000467333 0.000438458
102 0.000511278 0.000463194
103 0.000512083 0.000464583
104 0.000478278 0.000503792
105 0.000622111 0.000503917
106 0.000578347 0.000517153
107 0.000566917 0.000533472
108 0.000665528 0.000555653
109 0.000574639 0.000564764
110 0.000620528 0.000579139
111 0.000650708 0.000595598
112 0.000658403 0.000907847
113 0.000761876 0.000636055
114 0.00116874 0.000657389
115 0.000842889 0.000658653
116 0.00095093 0.000689708
117 0.00106569 0.000704333
118 0.000944708 0.000720902
119 0.00103289 0.000740014
120 0.0011425 0.000808597
121 0.00124074 0.000774944
122 0.00126049 0.000804417
123 0.00135258 0.000815014
124 0.00157035 0.000850847
125 0.0014666 0.000858111
126 0.00154444 0.000884639
127 0.00117358 0.000902833
128 0.00159269 0.00268212
129 0.00124756 0.000940306
130 0.00148397 0.000965597
131 0.00147733 0.000976278
132 0.00151237 0.00101411
133 0.001341 0.00101003
134 0.00132233 0.00104668
135 0.00123814 0.00105822
136 0.00127414 0.00121901
137 0.00129681 0.00110061
138 0.00130758 0.00114346
139 0.00134029 0.00114747
140 0.00136203 0.001216
141 0.00139271 0.00120256
142 0.00141151 0.00124607
143 0.00143501 0.00124828
144 0.00147806 0.00199047
145 0.00149768 0.00130367
146 0.00152836 0.00138031
147 0.00155311 0.00135251
148 0.00158354 0.00144994
149 0.00160033 0.00141597
150 0.00164785 0.001459
151 0.00167276 0.00146824
152 0.00171476 0.00172056
153 0.00173467 0.0015239
154 0.00176849 0.00158321
155 0.0018135 0.00159046
156 0.00184281 0.00169193
157 0.00194078 0.00165999
158 0.00196429 0.00171369
159 0.00200108 0.00172674
160 0.00204664 0.00409332
161 0.00203086 0.00180006
162 0.00205942 0.00185735
163 0.00213478 0.00187939
164 0.00209668 0.00196336
165 0.00213197 0.00191914
166 0.00220547 0.00203479
167 0.00226704 0.00204226
168 0.00229086 0.00232721
169 0.00229567 0.00206229
170 0.00234428 0.00215797
171 0.00238063 0.00220969
172 0.00241864 0.00227694
173 0.00245128 0.00223197
174 0.0024925 0.00228786
175 0.00253611 0.00230135
176 0.00259476 0.00364429
177 0.00260765 0.00237629
178 0.00266485 0.00248626
179 0.00269954 0.00244968
180 0.00274514 0.00260765
181 0.00280704 0.00251824
182 0.00283507 0.00263268
183 0.00287187 0.00262868
184 0.00292622 0.00302053
185 0.00296456 0.00270501
186 0.00300278 0.00284258
187 0.00304644 0.00277367
188 0.00308865 0.00293589
189 0.0031236 0.00287421
190 0.00317322 0.00294729
191 0.00322865 0.00293542
192 0.00337167 0.00776642
193 0.00336424 0.0030334
194 0.00341822 0.00312978
195 0.0034679 0.00394185
196 0.00355 0.00331112
197 0.00357182 0.00323082
198 0.0036855 0.00336224
199 0.00366935 0.00330933
200 0.00373881 0.00387203
201 0.00378471 0.00339424
202 0.00383936 0.00350751
203 0.00383622 0.00353203
204 0.00390756 0.00372647
205 0.00397914 0.00535646
206 0.00400874 0.00371733
207 0.00406597 0.00371911
208 0.00415547 0.00599072
209 0.00418511 0.00406304
210 0.00425735 0.00398
211 0.00429785 0.00394389
212 0.00446443 0.00419971
213 0.0044216 0.00402729
214 0.00446914 0.00419957
215 0.00453578 0.00414531
216 0.00460954 0.00485253
217 0.00465449 0.00426131
218 0.00472611 0.00436651
219 0.00477825 0.00434181
220 0.00484742 0.00464263
221 0.00489912 0.00448892
222 0.00499667 0.00463929
223 0.00503906 0.00462276
224 0.00518453 0.0111778
225 0.00516818 0.00473771
226 0.005235 0.00485774
227 0.00530867 0.00491329
228 0.00545558 0.00520758
229 0.00543487 0.00497807
230 0.00550569 0.00513965
231 0.00563417 0.00512132
232 0.0057275 0.00604657
233 0.00577731 0.00521117
234 0.00584897 0.00552136
235 0.00593786 0.00537154
236 0.00599819 0.00570369
237 0.00606113 0.00548407
238 0.00613126 0.0057425
239 0.00635926 0.00577024
240 0.00633447 0.00921494
241 0.00649743 0.00912331
242 0.00643982 0.00595238
243 0.00651282 0.006114
244 0.00655907 0.0063106
245 0.00665136 0.00608064
246 0.00673801 0.00625936
247 0.00680461 0.00620533
248 0.00686869 0.00737632
249 0.00695968 0.00634881
250 0.00703583 0.0065535
251 0.00712718 0.0064724
252 0.0072216 0.00700038
253 0.00745779 0.00670201
254 0.00747043 0.00680579
255 0.00748083 0.00684396
256 0.0078164 0.06935
257 0.00821471 0.00773469
258 0.00833961 0.00795225
259 0.00857743 0.0079064
260 0.00843929 0.00827557
261 0.00849732 0.00812814
262 0.00865464 0.00838501
263 0.0087099 0.00844069
264 0.00868632 0.00954058
265 0.00878297 0.00838086
266 0.00881999 0.00863228
267 0.00895429 0.00860094
268 0.00913 0.00903204
269 0.00916639 0.00875944
270 0.00917929 0.00901808
271 0.00899828 0.00838664
272 0.00932747 0.0138568
273 0.00950244 0.0124945
274 0.00973476 0.00933718
275 0.00987379 0.00956624
276 0.0102578 0.0101482
277 0.0104723 0.0106197
278 0.009701 0.00922669
279 0.00995704 0.00935258
280 0.0105724 0.0119
281 0.0111051 0.0104376
282 0.0105387 0.0104268
283 0.0104938 0.0102063
284 0.0105238 0.0106662
285 0.0107219 0.0101377
286 0.0106062 0.0102064
287 0.011164 0.0107135
288 0.0113783 0.0272934
289 0.011318 0.0107614
290 0.0115198 0.0111699
291 0.0115956 0.0108329
292 0.0117991 0.0118128
293 0.011953 0.0117303
294 0.0119869 0.0116078
295 0.0119639 0.0117252
296 0.012158 0.0134057
297 0.0124977 0.0117049
298 0.0125297 0.0120655
299 0.0125652 0.0120085
300 0.0126773 0.0124967
301 0.0127248 0.0123492
302 0.0130896 0.0127004
303 0.0132528 0.0126788
304 0.0129795 0.0198658
305 0.0133073 0.0164142
306 0.0131356 0.0125054
307 0.0130634 0.0120498
308 0.0132572 0.0130483
309 0.0137993 0.0135561
310 0.0138106 0.0135685
311 0.0153063 0.0138195
312 0.0140259 0.015515
313 0.0143852 0.0137144
314 0.0145997 0.0141661
315 0.0147703 0.0199165
316 0.0147098 0.0148918
317 0.014935 0.0143711
318 0.0150479 0.0144923
319 0.014862 0.0138861
320 0.0146609 0.0555363
321 0.0145126 0.0133408
322 0.0149192 0.0141802
323 0.0155702 0.0147084
324 0.0160733 0.0158384
325 0.015797 0.014833
326 0.0159468 0.0156013
327 0.0163008 0.0156964
328 0.0165288 0.018216
329 0.0166429 0.015713
330 0.0164526 0.0157754
331 0.01643 0.0154531
332 0.0166725 0.0162602
333 0.0166324 0.015523
334 0.0165995 0.0161802
335 0.0172168 0.0164171
336 0.0179227 0.0267527
337 0.0177771 0.0179641
338 0.0179824 0.0174573
339 0.0182949 0.0171696
340 0.0181861 0.0180473
341 0.0182183 0.0292617
342 0.0188997 0.0198325
343 0.0193417 0.0194361
344 0.0195359 0.0214183
345 0.0184367 0.0168932
346 0.0195526 0.018678
347 0.0195261 0.0184895
348 0.019482 0.0193154
349 0.0195686 0.0185899
350 0.0197856 0.0191496
351 0.020386 0.0193017
352 0.0202287 0.05359
353 0.0202187 0.0193059
354 0.0201124 0.0194826
355 0.0201299 0.0237525
356 0.0202485 0.0201855
357 0.0204893 0.0195753
358 0.0203525 0.0197211
359 0.0201672 0.01847
360 0.0206336 0.0232718
361 0.0209979 0.0193199
362 0.0205178 0.0195225
363 0.020921 0.0189962
364 0.0210393 0.020354
365 0.0213121 0.0196351
366 0.0216207 0.0206678
367 0.0225079 0.0215552
368 0.0240778 0.0346051
369 0.0224135 0.0209581
370 0.0224774 0.0217979
371 0.022831 0.0212943
372 0.0230169 0.0224323
373 0.0284742 0.0223636
374 0.0231747 0.0223542
375 0.0231289 0.0290768
376 0.0231331 0.0256727
377 0.0234036 0.0214584
378 0.0235877 0.0224978
379 0.0240482 0.0218648
380 0.0240511 0.0231627
381 0.0244316 0.0338023
382 0.0245089 0.0229634
383 0.02463 0.0223907
384 0.0257147 0.181695
385 0.0255232 0.0234549
386 0.0256869 0.0242021
387 0.0259372 0.0239534
388 0.0260513 0.0254099
389 0.0262945 0.0241293
390 0.0265759 0.0256446
391 0.0268217 0.0247444
392 0.0268358 0.0291391
393 0.026702 0.0245298
394 0.0269479 0.0257521
395 0.0284418 0.0263622
396 0.0273274 0.0264612
397 0.0275261 0.0255301
398 0.0305684 0.0314272
399 0.0297853 0.0278954
400 0.0284481 0.0430583
401 0.0280986 0.0258079
402 0.0292008 0.0285673
403 0.0304842 0.0292096
404 0.0299166 0.02907
405 0.0313129 0.0299812
406 0.0314954 0.0301133
407 0.0316987 0.0300076
408 0.0302825 0.032748
409 0.0304853 0.0282242
410 0.0307878 0.0316213
411 0.0324312 0.0310032
412 0.03307 0.0327228
413 0.0335381 0.0326698
414 0.0338348 0.0332289
415 0.0346329 0.0334213
416 0.0353831 0.0917306
417 0.036838 0.0355114
418 0.0358777 0.0383252
419 0.0349723 0.0350828
420 0.0358685 0.034801
421 0.0351316 0.0344404
422 0.0353359 0.0343176
423 0.0352405 0.033767
424 0.0364888 0.0393526
425 0.0365998 0.0358256
426 0.0368968 0.0363588
427 0.0372228 0.0362083
428 0.0372722 0.0371077
429 0.0388558 0.04048
430 0.0373915 0.0368383
431 0.0392019 0.037689
432 0.0383615 0.0571888
433 0.0390056 0.0384456
434 0.0384056 0.0375893
435 0.0391617 0.0373503
436 0.0393167 0.0397405
437 0.0410599 0.0397698
438 0.0408512 0.0398691
439 0.0412932 0.0451291
440 0.0413771 0.0442126
441 0.0450206 0.0415111
442 0.0427543 0.0412108
443 0.0411715 0.0400282
444 0.041374 0.041838
445 0.0424948 0.0426122
446 0.0436361 0.0441886
447 0.0437444 0.0436235
448 0.0448903 0.16551
449 0.0435647 0.0427846
450 0.0427776 0.0423375
451 0.0432491 0.042763
452 0.0437576 0.044019
453 0.0442941 0.0447695
454 0.0450273 0.0447378
455 0.0451772 0.0706271
456 0.0462905 0.0492097
457 0.0466573 0.0487436
458 0.0491643 0.0517558
459 0.049008 0.0521266
460 0.0493864 0.0522134
461 0.0498798 0.0529099
462 0.0499155 0.0528553
463 0.0507544 0.0530232
464 0.0488142 0.0723118
465 0.0480853 0.0490839
466 0.0498485 0.0509056
467 0.0502799 0.0514295
468 0.0493502 0.0509977
469 0.0499555 0.0509436
470 0.050447 0.0523698
471 0.0509027 0.0525526
472 0.0512741 0.0552439
473 0.0513851 0.0535074
474 0.0517781 0.0536286
475 0.0530514 0.0559613
476 0.0539937 0.0581517
477 0.0538548 0.0574846
478 0.052345 0.0561193
479 0.0540935 0.0578151
480 0.0552835 0.14313
481 0.0547086 0.0576769
482 0.0552862 0.0641724
483 0.0563082 0.0604476
484 0.0562047 0.0600632
485 0.056085 0.0602833
486 0.0568629 0.0653519
487 0.05758 0.0618737
488 0.0581155 0.0651278
489 0.0583192 0.0639875
490 0.0580057 0.0621117
491 0.0584152 0.0629348
492 0.0599162 0.0655933
493 0.0606952 0.0670956
494 0.0611836 0.0660549
495 0.0611943 0.0658537
496 0.0616857 0.0900405
497 0.0611038 0.0669318
498 0.0613616 0.0675189
499 0.0622961 0.0678002
500 0.0626188 0.0688867
501 0.0629327 0.0687667
502 0.0634953 0.0697835
503 0.0638546 0.0995909
504 0.0644367 0.0727517
505 0.0648607 0.100057
506 0.065199 0.0742673
507 0.0648818 0.0712952
508 0.0666265 0.0729931
509 0.0651339 0.0729407
510 0.0656248 0.07418
511 0.0666431 0.073938
512 0.0675217 0.713559
