2 9.86e-07 6.94333e-07
3 1.12533e-06 1.055e-06
4 1.79167e-06 1.56967e-06
5 2.73633e-06 2.333e-06
6 3.77767e-06 4.07e-06
7 5.19467e-06 5.69433e-06
8 7.097e-06 7.66667e-06
9 9.41667e-06 9.25e-06
10 1.21947e-05 1.2167e-05
11 1.56943e-05 1.56113e-05
12 2.23197e-05 2.2111e-05
13 2.73193e-05 2.72227e-05
14 3.3139e-05 3.3236e-05
15 3.6083e-05 3.60693e-05
16 4.0694e-05 4.10973e-05
17 4.80137e-05 4.82083e-05
18 5.70977e-05 5.6333e-05
19 6.39303e-05 6.4111e-05
20 7.4375e-05 7.44307e-05
21 8.57503e-05 8.6097e-05
22 9.9014e-05 0.000102472
23 0.000109139 0.000110958
24 0.000123486 0.000124014
25 0.000138264 0.000138903
26 0.000155389 0.000155972
27 0.000171958 0.000171764
28 0.000175139 0.000175833
29 0.000184931 0.000186027
30 0.000203597 0.000205264
31 0.000220833 0.000221945
32 0.000242292 0.000236056
33 0.000241528 0.000239917
34 0.000261278 0.000261292
35 0.000281653 0.000288167
36 0.000311236 0.000310958
37 0.000315319 0.000315305
38 0.000326625 0.00032857
39 0.000342791 0.00033343
40 0.000347389 0.000350194
41 0.00037275 0.000379611
42 0.000382792 0.000384611
43 0.000406236 0.00040668
44 0.000426972 0.000428597
45 0.000439681 0.000436792
46 0.000452208 0.000454611
47 0.000477917 0.000478458
48 0.000511445 0.000512723
49 0.000536125 0.000527514
50 0.000549917 0.000554014
51 0.000576222 0.000580611
52 0.000610639 0.000613764
53 0.000645681 0.000646819
54 0.000693625 0.000696708
55 0.000726625 0.000735125
56 0.000770333 0.000775945
57 0.000813917 0.000808084
58 0.000859542 0.000862681
59 0.000874319 0.000883194
60 0.000942639 0.000938694
61 0.000969611 0.000981736
62 0.00102197 0.00103658
63 0.00107122 0.00107144
64 0.00112583 0.00112381
65 0.00118415 0.0011725
66 0.0012304 0.00124143
67 0.00127144 0.0012741
68 0.00135704 0.00134729
69 0.00139418 0.00139917
70 0.00147444 0.00148146
71 0.00152122 0.0015286
72 0.00159365 0.00158331
73 0.00163903 0.00167025
74 0.00170692 0.00172779
75 0.00178431 0.00179062
76 0.00183847 0.00185353
77 0.00191165 0.00193901
78 0.00198707 0.00201476
79 0.00205665 0.00206414
80 0.00214792 0.0021541
81 0.00224087 0.00224993
82 0.00230429 0.00232746
83 0.00237353 0.00239171
84 0.00247483 0.00249057
85 0.00255051 0.00257413
86 0.00264656 0.00265864
87 0.00273635 0.00276153
88 0.00283346 0.00289936
89 0.00294197 0.00295056
90 0.00302235 0.00304546
91 0.00313488 0.00314883
92 0.00322494 0.00324024
93 0.0033285 0.00335706
94 0.00345551 0.0034841
95 0.00358979 0.00357024
96 0.00372364 0.00370432
97 0.00378857 0.00378289
98 0.00392683 0.00391622
99 0.003992 0.00407722
100 0.00412519 0.00417317
101 0.00427965 0.00428375
102 0.00438786 0.00444021
103 0.00449378 0.00454701
104 0.00465657 0.00468203
105 0.00480018 0.00482408
106 0.00491949 0.00497317
107 0.00504199 0.00509896
108 0.00526751 0.00534775
109 0.00535386 0.00536739
110 0.00548081 0.00552182
111 0.00563458 0.00571108
112 0.00579962 0.00584011
113 0.00594026 0.00595126
114 0.00608601 0.00619894
115 0.00625031 0.00623436
116 0.0064194 0.00652364
117 0.00659567 0.00663619
118 0.00681786 0.0067949
119 0.00686707 0.00691215
120 0.00715556 0.00713367
121 0.00723388 0.00726917
122 0.00742663 0.00747203
123 0.00765547 0.00774594
124 0.00796999 0.00813671
125 0.00815128 0.0082115
126 0.00843476 0.00835758
127 0.00857128 0.00860593
128 0.00877161 0.00958758
129 0.00912343 0.00912871
130 0.00937839 0.00954508
131 0.00944057 0.00958843
132 0.0095359 0.00963797
133 0.00972518 0.00990472
134 0.0100686 0.010215
135 0.0102631 0.0104011
136 0.0104428 0.0105442
137 0.0106525 0.0108443
138 0.0108481 0.0110662
139 0.0111693 0.011382
140 0.0115441 0.0116311
141 0.0120161 0.0121934
142 0.0121479 0.0123457
143 0.0123587 0.0125917
144 0.0124045 0.0123854
145 0.0126722 0.0128963
146 0.0131417 0.0132065
147 0.0134475 0.0137153
148 0.0136802 0.0138358
149 0.0138295 0.0139539
150 0.0140778 0.0142864
151 0.014203 0.0143172
152 0.0144251 0.0143738
153 0.0146879 0.01463
154 0.0149778 0.0149251
155 0.0153337 0.0152556
156 0.0155905 0.0157081
157 0.0161377 0.0162888
158 0.0166462 0.0169279
159 0.0169158 0.0172612
160 0.0172429 0.0174829
161 0.0176944 0.0179518
162 0.0178967 0.018226
163 0.0178358 0.0180609
164 0.018269 0.0184296
165 0.0185938 0.0187647
166 0.0188867 0.0191081
167 0.0191994 0.0192674
168 0.0193536 0.0194234
169 0.0196943 0.0196438
170 0.0200565 0.0199782
171 0.020408 0.0205902
172 0.0207134 0.0207242
173 0.0211494 0.0210922
174 0.0218369 0.0223329
175 0.022408 0.0229586
176 0.0229682 0.0231953
177 0.0233406 0.0238071
178 0.0236459 0.0242336
179 0.0240386 0.0244281
180 0.0244609 0.02475
181 0.0249264 0.0254597
182 0.0253213 0.0259133
183 0.0257083 0.0260151
184 0.0260634 0.0264494
185 0.0267083 0.0275934
186 0.0269445 0.0265402
187 0.027384 0.0273113
188 0.0282729 0.0291314
189 0.0282359 0.0288577
190 0.0290036 0.0294006
191 0.0291236 0.0295632
192 0.0296507 0.030725
193 0.0300762 0.0306629
194 0.0305694 0.0309782
195 0.0308488 0.0320927
196 0.0314503 0.0315537
197 0.0316899 0.0325374
198 0.0325189 0.0331324
199 0.0328239 0.0335298
200 0.0358816 0.0355968
201 0.0345586 0.0349484
202 0.0344383 0.0352812
203 0.0355251 0.0361485
204 0.0353603 0.0358826
205 0.0357336 0.0374097
206 0.0364094 0.0370657
207 0.0369014 0.0376967
208 0.0379643 0.0417914
209 0.0381392 0.0396958
210 0.0384996 0.0391262
211 0.0391983 0.0396351
212 0.0399284 0.0408354
213 0.040529 0.0414977
214 0.0409003 0.0425429
215 0.0416613 0.0425713
216 0.0424096 0.0431661
217 0.0437762 0.0457341
218 0.0434408 0.0444707
219 0.0437229 0.0448095
220 0.0443626 0.0454326
221 0.0447522 0.0453948
222 0.0451645 0.045847
223 0.0459124 0.0470072
224 0.0472419 0.0477381
225 0.0475717 0.0488955
226 0.0485671 0.0495011
227 0.04904 0.050445
228 0.050225 0.0518824
229 0.0493407 0.0503188
230 0.0508382 0.0515273
231 0.0511753 0.0529055
232 0.0518683 0.0529229
233 0.0524125 0.0546103
234 0.0525393 0.0536255
235 0.0539869 0.0560356
236 0.055265 0.056594
237 0.0557245 0.0582239
238 0.0560416 0.0588588
239 0.0572161 0.0613605
240 0.0578702 0.0583882
241 0.0578684 0.0621808
242 0.0574747 0.0575398
243 0.0581643 0.0584938
244 0.0596874 0.0623005
245 0.0612827 0.0640694
246 0.0615967 0.0635662
247 0.061369 0.0618457
248 0.0634573 0.0648372
249 0.0631786 0.0636828
250 0.0629779 0.0630136
251 0.0636499 0.0635055
252 0.0643167 0.0644306
253 0.0652735 0.0647887
254 0.0659051 0.0656897
255 0.0670584 0.0667028
256 0.0674789 0.0775641
257 0.0682504 0.0681921
258 0.0691609 0.0690747
259 0.0697693 0.0696815
260 0.0709542 0.0709135
261 0.0720735 0.0719262
262 0.0726132 0.072811
263 0.073269 0.0731359
264 0.0740467 0.0740337
265 0.0747831 0.0746969
266 0.0756474 0.0758111
267 0.0767287 0.0767039
268 0.0773519 0.0775024
269 0.0781392 0.078114
270 0.0789567 0.079121
271 0.079764 0.0797156
272 0.0812286 0.0812685
273 0.0820453 0.0846637
274 0.0830312 0.0829347
275 0.0838571 0.0836383
276 0.0866881 0.0872009
277 0.0975058 0.087704
278 0.0874651 0.0877997
279 0.0876277 0.0874918
280 0.0885251 0.0883814
281 0.0895827 0.0893047
282 0.0902819 0.090741
283 0.0911595 0.0909097
284 0.0925525 0.092498
285 0.0932517 0.0932628
286 0.0939162 0.0940528
287 0.0949742 0.0949602
288 0.0959318 0.0995685
289 0.0969664 0.0969492
290 0.098115 0.0980905
291 0.0993774 0.0991398
292 0.100138 0.100287
293 0.101244 0.10141
294 0.102166 0.1022
295 0.103104 0.102947
296 0.104747 0.104758
297 0.105772 0.105542
298 0.106777 0.106583
299 0.107525 0.107537
300 0.10859 0.108758
301 0.109789 0.109489
302 0.111895 0.111575
303 0.112727 0.112781
304 0.113315 0.113488
305 0.113848 0.117049
306 0.115791 0.125409
307 0.118928 0.124083
308 0.120836 0.128098
309 0.121864 0.128799
310 0.123052 0.128903
311 0.123832 0.131811
312 0.125054 0.131354
313 0.129304 0.148115
314 0.127978 0.140885
315 0.130442 0.15249
316 0.129479 0.140569
317 0.131394 0.141377
318 0.134155 0.139489
319 0.131292 0.14705
320 0.132456 0.155833
321 0.134666 0.135363
322 0.134729 0.1348
323 0.13555 0.13584
324 0.136589 0.137615
325 0.138039 0.138353
326 0.139454 0.140637
327 0.146108 0.153566
328 0.144516 0.150939
329 0.143156 0.143374
330 0.14446 0.144556
331 0.145908 0.146699
332 0.147776 0.147743
333 0.148974 0.150736
334 0.169112 0.155263
335 0.162373 0.157033
336 0.154244 0.159884
337 0.155869 0.171605
338 0.159853 0.176257
339 0.16178 0.182724
340 0.163513 0.177572
341 0.160779 0.180765
342 0.159955 0.164713
343 0.161784 0.162358
344 0.164209 0.164256
345 0.164736 0.164761
346 0.166227 0.167341
347 0.167988 0.167484
348 0.168928 0.169073
349 0.169776 0.170133
350 0.171278 0.171316
351 0.173569 0.173637
352 0.174292 0.18293
353 0.175666 0.175947
354 0.177241 0.178147
355 0.178716 0.182805
356 0.181614 0.18139
357 0.182494 0.182866
358 0.18368 0.184222
359 0.185076 0.185444
360 0.186387 0.186705
361 0.187981 0.187905
362 0.19006 0.189992
363 0.192086 0.191745
364 0.193802 0.193812
365 0.194857 0.194905
366 0.19597 0.195884
367 0.197551 0.197208
368 0.20087 0.200796
369 0.202425 0.202199
370 0.203175 0.203325
371 0.204069 0.204205
372 0.205517 0.20607
373 0.207374 0.207364
374 0.20916 0.210111
375 0.212038 0.218507
376 0.212466 0.212826
377 0.213864 0.214067
378 0.215564 0.21588
379 0.217268 0.217193
380 0.219905 0.220319
381 0.22279 0.231674
382 0.223437 0.223348
383 0.225243 0.224863
384 0.225824 0.266152
385 0.227824 0.228018
386 0.229715 0.230075
387 0.232442 0.233302
388 0.233335 0.234009
389 0.235103 0.235034
390 0.236903 0.238546
391 0.238477 0.238765
392 0.241882 0.24212
393 0.243382 0.243821
394 0.24487 0.245038
395 0.248421 0.248401
396 0.24808 0.248237
397 0.249929 0.249995
398 0.251744 0.252932
399 0.254624 0.255079
400 0.255923 0.257075
401 0.257565 0.258251
402 0.259397 0.259539
403 0.261057 0.261535
404 0.264625 0.265405
405 0.266293 0.266058
406 0.269199 0.268615
407 0.271143 0.272647
408 0.271298 0.271948
409 0.273189 0.273622
410 0.275374 0.280746
411 0.278249 0.278412
412 0.279339 0.281291
413 0.281415 0.282196
414 0.283392 0.284256
415 0.285315 0.285926
416 0.289724 0.3043
417 0.290373 0.291308
418 0.293094 0.296939
419 0.294481 0.295055
420 0.295898 0.297133
421 0.2979 0.298671
422 0.300565 0.30129
423 0.304152 0.304446
424 0.305043 0.305953
425 0.306533 0.307737
426 0.30948 0.325782
427 0.3117 0.312054
428 0.317194 0.31787
429 0.317869 0.318317
430 0.317763 0.319045
431 0.319954 0.321882
432 0.32192 0.324084
433 0.324194 0.325098
434 0.326517 0.328253
435 0.330921 0.331897
436 0.331071 0.332655
437 0.333339 0.335573
438 0.336951 0.338364
439 0.337917 0.345773
440 0.341722 0.343531
441 0.345607 0.346593
442 0.347614 0.349414
443 0.347256 0.349276
444 0.349464 0.352305
445 0.351755 0.354025
446 0.354282 0.356135
447 0.357819 0.360719
448 0.360464 0.425114
449 0.361241 0.363429
450 0.363825 0.366285
451 0.365898 0.36856
452 0.370638 0.373582
453 0.372334 0.374383
454 0.374934 0.378383
455 0.377132 0.398147
456 0.378428 0.381857
457 0.380994 0.386523
458 0.383634 0.387052
459 0.38754 0.393208
460 0.38852 0.392883
461 0.39125 0.394798
462 0.393761 0.398191
463 0.395971 0.399926
464 0.400584 0.406717
465 0.404098 0.407311
466 0.405446 0.410233
467 0.406655 0.410866
468 0.408895 0.413794
469 0.412407 0.417236
470 0.414294 0.420668
471 0.418908 0.423327
472 0.419831 0.424978
473 0.422373 0.428455
474 0.425101 0.430391
475 0.42786 0.434474
476 0.433141 0.439018
477 0.434628 0.440464
478 0.435838 0.444038
479 0.444208 0.446547
480 0.442615 0.472175
481 0.444993 0.45004
482 0.44707 0.462075
483 0.452006 0.45851
484 0.452215 0.458632
485 0.455118 0.462848
486 0.458277 0.470719
487 0.461613 0.47048
488 0.467894 0.473781
489 0.471345 0.478941
490 0.483169 0.529078
491 0.499113 0.697487
492 0.477012 0.486893
493 0.483307 0.497184
494 0.482053 0.494241
495 0.489887 0.505816
496 0.489668 0.498085
497 0.490749 0.499241
498 0.493604 0.501766
499 0.495968 0.504764
500 0.502772 0.513004
501 0.511557 0.543293
502 0.512842 0.534739
503 0.510399 0.560425
504 0.514374 0.525054
505 0.516822 0.565036
506 0.519705 0.542071
507 0.52324 0.534592
508 0.524544 0.537896
509 0.527581 0.539995
510 0.531299 0.572376
511 0.534611 0.577462
512 0.541028 0.656994
